7.4190025 43.75859722962965
7.419928425925926 43.75859722962965
7.420854351851852 43.75859722962965
7.421780277777778 43.75859722962965
7.4227062037037035 43.75859722962965
7.423632129629629 43.75859722962965
7.424558055555555 43.75859722962965
7.425483981481481 43.75859722962965
7.426409907407407 43.75859722962965
7.427335833333332 43.75859722962965
7.428261759259258 43.75859722962965
7.429187685185184 43.75859722962965
7.43011361111111 43.75859722962965
7.4310395370370355 43.75859722962965
7.431965462962961 43.75859722962965
7.432891388888887 43.75859722962965
7.433817314814813 43.75859722962965
7.434743240740739 43.75859722962965
7.435669166666664 43.75859722962965
7.43659509259259 43.75859722962965
7.437521018518516 43.75859722962965
7.438446944444442 43.75859722962965
7.439372870370367 43.75859722962965
7.440298796296293 43.75859722962965
7.441224722222219 43.75859722962965
7.442150648148145 43.75859722962965
7.4430765740740705 43.75859722962965
7.444002499999996 43.75859722962965
7.444928425925922 43.75859722962965
7.445854351851848 43.75859722962965
7.446780277777774 43.75859722962965
7.447706203703699 43.75859722962965
7.448632129629625 43.75859722962965
7.4190025 43.757671303703724
7.419928425925926 43.757671303703724
7.420854351851852 43.757671303703724
7.421780277777778 43.757671303703724
7.4227062037037035 43.757671303703724
7.423632129629629 43.757671303703724
7.424558055555555 43.757671303703724
7.425483981481481 43.757671303703724
7.426409907407407 43.757671303703724
7.427335833333332 43.757671303703724
7.428261759259258 43.757671303703724
7.429187685185184 43.757671303703724
7.43011361111111 43.757671303703724
7.4310395370370355 43.757671303703724
7.431965462962961 43.757671303703724
7.432891388888887 43.757671303703724
7.433817314814813 43.757671303703724
7.434743240740739 43.757671303703724
7.435669166666664 43.757671303703724
7.43659509259259 43.757671303703724
7.437521018518516 43.757671303703724
7.438446944444442 43.757671303703724
7.439372870370367 43.757671303703724
7.440298796296293 43.757671303703724
7.441224722222219 43.757671303703724
7.442150648148145 43.757671303703724
7.4430765740740705 43.757671303703724
7.444002499999996 43.757671303703724
7.444928425925922 43.757671303703724
7.445854351851848 43.757671303703724
7.446780277777774 43.757671303703724
7.447706203703699 43.757671303703724
7.448632129629625 43.757671303703724
7.4190025 43.7567453777778
7.419928425925926 43.7567453777778
7.420854351851852 43.7567453777778
7.421780277777778 43.7567453777778
7.4227062037037035 43.7567453777778
7.423632129629629 43.7567453777778
7.424558055555555 43.7567453777778
7.425483981481481 43.7567453777778
7.426409907407407 43.7567453777778
7.427335833333332 43.7567453777778
7.428261759259258 43.7567453777778
7.429187685185184 43.7567453777778
7.43011361111111 43.7567453777778
7.4310395370370355 43.7567453777778
7.431965462962961 43.7567453777778
7.432891388888887 43.7567453777778
7.433817314814813 43.7567453777778
7.434743240740739 43.7567453777778
7.435669166666664 43.7567453777778
7.43659509259259 43.7567453777778
7.437521018518516 43.7567453777778
7.438446944444442 43.7567453777778
7.439372870370367 43.7567453777778
7.440298796296293 43.7567453777778
7.441224722222219 43.7567453777778
7.442150648148145 43.7567453777778
7.4430765740740705 43.7567453777778
7.444002499999996 43.7567453777778
7.444928425925922 43.7567453777778
7.445854351851848 43.7567453777778
7.446780277777774 43.7567453777778
7.447706203703699 43.7567453777778
7.448632129629625 43.7567453777778
7.4190025 43.75581945185187
7.419928425925926 43.75581945185187
7.420854351851852 43.75581945185187
7.421780277777778 43.75581945185187
7.4227062037037035 43.75581945185187
7.423632129629629 43.75581945185187
7.424558055555555 43.75581945185187
7.425483981481481 43.75581945185187
7.426409907407407 43.75581945185187
7.427335833333332 43.75581945185187
7.428261759259258 43.75581945185187
7.429187685185184 43.75581945185187
7.43011361111111 43.75581945185187
7.4310395370370355 43.75581945185187
7.431965462962961 43.75581945185187
7.432891388888887 43.75581945185187
7.433817314814813 43.75581945185187
7.434743240740739 43.75581945185187
7.435669166666664 43.75581945185187
7.43659509259259 43.75581945185187
7.437521018518516 43.75581945185187
7.438446944444442 43.75581945185187
7.439372870370367 43.75581945185187
7.440298796296293 43.75581945185187
7.441224722222219 43.75581945185187
7.442150648148145 43.75581945185187
7.4430765740740705 43.75581945185187
7.444002499999996 43.75581945185187
7.444928425925922 43.75581945185187
7.445854351851848 43.75581945185187
7.446780277777774 43.75581945185187
7.447706203703699 43.75581945185187
7.448632129629625 43.75581945185187
7.4190025 43.754893525925944
7.419928425925926 43.754893525925944
7.420854351851852 43.754893525925944
7.421780277777778 43.754893525925944
7.4227062037037035 43.754893525925944
7.423632129629629 43.754893525925944
7.424558055555555 43.754893525925944
7.425483981481481 43.754893525925944
7.426409907407407 43.754893525925944
7.427335833333332 43.754893525925944
7.428261759259258 43.754893525925944
7.429187685185184 43.754893525925944
7.43011361111111 43.754893525925944
7.4310395370370355 43.754893525925944
7.431965462962961 43.754893525925944
7.432891388888887 43.754893525925944
7.433817314814813 43.754893525925944
7.434743240740739 43.754893525925944
7.435669166666664 43.754893525925944
7.43659509259259 43.754893525925944
7.437521018518516 43.754893525925944
7.438446944444442 43.754893525925944
7.439372870370367 43.754893525925944
7.440298796296293 43.754893525925944
7.441224722222219 43.754893525925944
7.442150648148145 43.754893525925944
7.4430765740740705 43.754893525925944
7.444002499999996 43.754893525925944
7.444928425925922 43.754893525925944
7.445854351851848 43.754893525925944
7.446780277777774 43.754893525925944
7.447706203703699 43.754893525925944
7.448632129629625 43.754893525925944
7.4190025 43.75396760000002
7.419928425925926 43.75396760000002
7.420854351851852 43.75396760000002
7.421780277777778 43.75396760000002
7.4227062037037035 43.75396760000002
7.423632129629629 43.75396760000002
7.424558055555555 43.75396760000002
7.425483981481481 43.75396760000002
7.426409907407407 43.75396760000002
7.427335833333332 43.75396760000002
7.428261759259258 43.75396760000002
7.429187685185184 43.75396760000002
7.43011361111111 43.75396760000002
7.4310395370370355 43.75396760000002
7.431965462962961 43.75396760000002
7.432891388888887 43.75396760000002
7.433817314814813 43.75396760000002
7.434743240740739 43.75396760000002
7.435669166666664 43.75396760000002
7.43659509259259 43.75396760000002
7.437521018518516 43.75396760000002
7.438446944444442 43.75396760000002
7.439372870370367 43.75396760000002
7.440298796296293 43.75396760000002
7.441224722222219 43.75396760000002
7.442150648148145 43.75396760000002
7.4430765740740705 43.75396760000002
7.444002499999996 43.75396760000002
7.444928425925922 43.75396760000002
7.445854351851848 43.75396760000002
7.446780277777774 43.75396760000002
7.447706203703699 43.75396760000002
7.448632129629625 43.75396760000002
7.4190025 43.75304167407409
7.419928425925926 43.75304167407409
7.420854351851852 43.75304167407409
7.421780277777778 43.75304167407409
7.4227062037037035 43.75304167407409
7.423632129629629 43.75304167407409
7.424558055555555 43.75304167407409
7.425483981481481 43.75304167407409
7.426409907407407 43.75304167407409
7.427335833333332 43.75304167407409
7.428261759259258 43.75304167407409
7.429187685185184 43.75304167407409
7.43011361111111 43.75304167407409
7.4310395370370355 43.75304167407409
7.431965462962961 43.75304167407409
7.432891388888887 43.75304167407409
7.433817314814813 43.75304167407409
7.434743240740739 43.75304167407409
7.435669166666664 43.75304167407409
7.43659509259259 43.75304167407409
7.437521018518516 43.75304167407409
7.438446944444442 43.75304167407409
7.439372870370367 43.75304167407409
7.440298796296293 43.75304167407409
7.441224722222219 43.75304167407409
7.442150648148145 43.75304167407409
7.4430765740740705 43.75304167407409
7.444002499999996 43.75304167407409
7.444928425925922 43.75304167407409
7.445854351851848 43.75304167407409
7.446780277777774 43.75304167407409
7.447706203703699 43.75304167407409
7.448632129629625 43.75304167407409
7.4190025 43.752115748148164
7.419928425925926 43.752115748148164
7.420854351851852 43.752115748148164
7.421780277777778 43.752115748148164
7.4227062037037035 43.752115748148164
7.423632129629629 43.752115748148164
7.424558055555555 43.752115748148164
7.425483981481481 43.752115748148164
7.426409907407407 43.752115748148164
7.427335833333332 43.752115748148164
7.428261759259258 43.752115748148164
7.429187685185184 43.752115748148164
7.43011361111111 43.752115748148164
7.4310395370370355 43.752115748148164
7.431965462962961 43.752115748148164
7.432891388888887 43.752115748148164
7.433817314814813 43.752115748148164
7.434743240740739 43.752115748148164
7.435669166666664 43.752115748148164
7.43659509259259 43.752115748148164
7.437521018518516 43.752115748148164
7.438446944444442 43.752115748148164
7.439372870370367 43.752115748148164
7.440298796296293 43.752115748148164
7.441224722222219 43.752115748148164
7.442150648148145 43.752115748148164
7.4430765740740705 43.752115748148164
7.444002499999996 43.752115748148164
7.444928425925922 43.752115748148164
7.445854351851848 43.752115748148164
7.446780277777774 43.752115748148164
7.447706203703699 43.752115748148164
7.448632129629625 43.752115748148164
7.4190025 43.75118982222224
7.419928425925926 43.75118982222224
7.420854351851852 43.75118982222224
7.421780277777778 43.75118982222224
7.4227062037037035 43.75118982222224
7.423632129629629 43.75118982222224
7.424558055555555 43.75118982222224
7.425483981481481 43.75118982222224
7.426409907407407 43.75118982222224
7.427335833333332 43.75118982222224
7.428261759259258 43.75118982222224
7.429187685185184 43.75118982222224
7.43011361111111 43.75118982222224
7.4310395370370355 43.75118982222224
7.431965462962961 43.75118982222224
7.432891388888887 43.75118982222224
7.433817314814813 43.75118982222224
7.434743240740739 43.75118982222224
7.435669166666664 43.75118982222224
7.43659509259259 43.75118982222224
7.437521018518516 43.75118982222224
7.438446944444442 43.75118982222224
7.439372870370367 43.75118982222224
7.440298796296293 43.75118982222224
7.441224722222219 43.75118982222224
7.442150648148145 43.75118982222224
7.4430765740740705 43.75118982222224
7.444002499999996 43.75118982222224
7.444928425925922 43.75118982222224
7.445854351851848 43.75118982222224
7.446780277777774 43.75118982222224
7.447706203703699 43.75118982222224
7.448632129629625 43.75118982222224
7.4190025 43.75026389629631
7.419928425925926 43.75026389629631
7.420854351851852 43.75026389629631
7.421780277777778 43.75026389629631
7.4227062037037035 43.75026389629631
7.423632129629629 43.75026389629631
7.424558055555555 43.75026389629631
7.425483981481481 43.75026389629631
7.426409907407407 43.75026389629631
7.427335833333332 43.75026389629631
7.428261759259258 43.75026389629631
7.429187685185184 43.75026389629631
7.43011361111111 43.75026389629631
7.4310395370370355 43.75026389629631
7.431965462962961 43.75026389629631
7.432891388888887 43.75026389629631
7.433817314814813 43.75026389629631
7.434743240740739 43.75026389629631
7.435669166666664 43.75026389629631
7.43659509259259 43.75026389629631
7.437521018518516 43.75026389629631
7.438446944444442 43.75026389629631
7.439372870370367 43.75026389629631
7.440298796296293 43.75026389629631
7.441224722222219 43.75026389629631
7.442150648148145 43.75026389629631
7.4430765740740705 43.75026389629631
7.444002499999996 43.75026389629631
7.444928425925922 43.75026389629631
7.445854351851848 43.75026389629631
7.446780277777774 43.75026389629631
7.447706203703699 43.75026389629631
7.448632129629625 43.75026389629631
7.4190025 43.749337970370384
7.419928425925926 43.749337970370384
7.420854351851852 43.749337970370384
7.421780277777778 43.749337970370384
7.4227062037037035 43.749337970370384
7.423632129629629 43.749337970370384
7.424558055555555 43.749337970370384
7.425483981481481 43.749337970370384
7.426409907407407 43.749337970370384
7.427335833333332 43.749337970370384
7.428261759259258 43.749337970370384
7.429187685185184 43.749337970370384
7.43011361111111 43.749337970370384
7.4310395370370355 43.749337970370384
7.431965462962961 43.749337970370384
7.432891388888887 43.749337970370384
7.433817314814813 43.749337970370384
7.434743240740739 43.749337970370384
7.435669166666664 43.749337970370384
7.43659509259259 43.749337970370384
7.437521018518516 43.749337970370384
7.438446944444442 43.749337970370384
7.439372870370367 43.749337970370384
7.440298796296293 43.749337970370384
7.441224722222219 43.749337970370384
7.442150648148145 43.749337970370384
7.4430765740740705 43.749337970370384
7.444002499999996 43.749337970370384
7.444928425925922 43.749337970370384
7.445854351851848 43.749337970370384
7.446780277777774 43.749337970370384
7.447706203703699 43.749337970370384
7.448632129629625 43.749337970370384
7.4190025 43.74841204444446
7.419928425925926 43.74841204444446
7.420854351851852 43.74841204444446
7.421780277777778 43.74841204444446
7.4227062037037035 43.74841204444446
7.423632129629629 43.74841204444446
7.424558055555555 43.74841204444446
7.425483981481481 43.74841204444446
7.426409907407407 43.74841204444446
7.427335833333332 43.74841204444446
7.428261759259258 43.74841204444446
7.429187685185184 43.74841204444446
7.43011361111111 43.74841204444446
7.4310395370370355 43.74841204444446
7.431965462962961 43.74841204444446
7.432891388888887 43.74841204444446
7.433817314814813 43.74841204444446
7.434743240740739 43.74841204444446
7.435669166666664 43.74841204444446
7.43659509259259 43.74841204444446
7.437521018518516 43.74841204444446
7.438446944444442 43.74841204444446
7.439372870370367 43.74841204444446
7.440298796296293 43.74841204444446
7.441224722222219 43.74841204444446
7.442150648148145 43.74841204444446
7.4430765740740705 43.74841204444446
7.444002499999996 43.74841204444446
7.444928425925922 43.74841204444446
7.445854351851848 43.74841204444446
7.446780277777774 43.74841204444446
7.447706203703699 43.74841204444446
7.448632129629625 43.74841204444446
7.4190025 43.74748611851853
7.419928425925926 43.74748611851853
7.420854351851852 43.74748611851853
7.421780277777778 43.74748611851853
7.4227062037037035 43.74748611851853
7.423632129629629 43.74748611851853
7.424558055555555 43.74748611851853
7.425483981481481 43.74748611851853
7.426409907407407 43.74748611851853
7.427335833333332 43.74748611851853
7.428261759259258 43.74748611851853
7.429187685185184 43.74748611851853
7.43011361111111 43.74748611851853
7.4310395370370355 43.74748611851853
7.431965462962961 43.74748611851853
7.432891388888887 43.74748611851853
7.433817314814813 43.74748611851853
7.434743240740739 43.74748611851853
7.435669166666664 43.74748611851853
7.43659509259259 43.74748611851853
7.437521018518516 43.74748611851853
7.438446944444442 43.74748611851853
7.439372870370367 43.74748611851853
7.440298796296293 43.74748611851853
7.441224722222219 43.74748611851853
7.442150648148145 43.74748611851853
7.4430765740740705 43.74748611851853
7.444002499999996 43.74748611851853
7.444928425925922 43.74748611851853
7.445854351851848 43.74748611851853
7.446780277777774 43.74748611851853
7.447706203703699 43.74748611851853
7.448632129629625 43.74748611851853
7.4190025 43.746560192592604
7.419928425925926 43.746560192592604
7.420854351851852 43.746560192592604
7.421780277777778 43.746560192592604
7.4227062037037035 43.746560192592604
7.423632129629629 43.746560192592604
7.424558055555555 43.746560192592604
7.425483981481481 43.746560192592604
7.426409907407407 43.746560192592604
7.427335833333332 43.746560192592604
7.428261759259258 43.746560192592604
7.429187685185184 43.746560192592604
7.43011361111111 43.746560192592604
7.4310395370370355 43.746560192592604
7.431965462962961 43.746560192592604
7.432891388888887 43.746560192592604
7.433817314814813 43.746560192592604
7.434743240740739 43.746560192592604
7.435669166666664 43.746560192592604
7.43659509259259 43.746560192592604
7.437521018518516 43.746560192592604
7.438446944444442 43.746560192592604
7.439372870370367 43.746560192592604
7.440298796296293 43.746560192592604
7.441224722222219 43.746560192592604
7.442150648148145 43.746560192592604
7.4430765740740705 43.746560192592604
7.444002499999996 43.746560192592604
7.444928425925922 43.746560192592604
7.445854351851848 43.746560192592604
7.446780277777774 43.746560192592604
7.447706203703699 43.746560192592604
7.448632129629625 43.746560192592604
7.4190025 43.74563426666668
7.419928425925926 43.74563426666668
7.420854351851852 43.74563426666668
7.421780277777778 43.74563426666668
7.4227062037037035 43.74563426666668
7.423632129629629 43.74563426666668
7.424558055555555 43.74563426666668
7.425483981481481 43.74563426666668
7.426409907407407 43.74563426666668
7.427335833333332 43.74563426666668
7.428261759259258 43.74563426666668
7.429187685185184 43.74563426666668
7.43011361111111 43.74563426666668
7.4310395370370355 43.74563426666668
7.431965462962961 43.74563426666668
7.432891388888887 43.74563426666668
7.433817314814813 43.74563426666668
7.434743240740739 43.74563426666668
7.435669166666664 43.74563426666668
7.43659509259259 43.74563426666668
7.437521018518516 43.74563426666668
7.438446944444442 43.74563426666668
7.439372870370367 43.74563426666668
7.440298796296293 43.74563426666668
7.441224722222219 43.74563426666668
7.442150648148145 43.74563426666668
7.4430765740740705 43.74563426666668
7.444002499999996 43.74563426666668
7.444928425925922 43.74563426666668
7.445854351851848 43.74563426666668
7.446780277777774 43.74563426666668
7.447706203703699 43.74563426666668
7.448632129629625 43.74563426666668
7.4190025 43.74470834074075
7.419928425925926 43.74470834074075
7.420854351851852 43.74470834074075
7.421780277777778 43.74470834074075
7.4227062037037035 43.74470834074075
7.423632129629629 43.74470834074075
7.424558055555555 43.74470834074075
7.425483981481481 43.74470834074075
7.426409907407407 43.74470834074075
7.427335833333332 43.74470834074075
7.428261759259258 43.74470834074075
7.429187685185184 43.74470834074075
7.43011361111111 43.74470834074075
7.4310395370370355 43.74470834074075
7.431965462962961 43.74470834074075
7.432891388888887 43.74470834074075
7.433817314814813 43.74470834074075
7.434743240740739 43.74470834074075
7.435669166666664 43.74470834074075
7.43659509259259 43.74470834074075
7.437521018518516 43.74470834074075
7.438446944444442 43.74470834074075
7.439372870370367 43.74470834074075
7.440298796296293 43.74470834074075
7.441224722222219 43.74470834074075
7.442150648148145 43.74470834074075
7.4430765740740705 43.74470834074075
7.444002499999996 43.74470834074075
7.444928425925922 43.74470834074075
7.445854351851848 43.74470834074075
7.446780277777774 43.74470834074075
7.447706203703699 43.74470834074075
7.448632129629625 43.74470834074075
7.4190025 43.743782414814824
7.419928425925926 43.743782414814824
7.420854351851852 43.743782414814824
7.421780277777778 43.743782414814824
7.4227062037037035 43.743782414814824
7.423632129629629 43.743782414814824
7.424558055555555 43.743782414814824
7.425483981481481 43.743782414814824
7.426409907407407 43.743782414814824
7.427335833333332 43.743782414814824
7.428261759259258 43.743782414814824
7.429187685185184 43.743782414814824
7.43011361111111 43.743782414814824
7.4310395370370355 43.743782414814824
7.431965462962961 43.743782414814824
7.432891388888887 43.743782414814824
7.433817314814813 43.743782414814824
7.434743240740739 43.743782414814824
7.435669166666664 43.743782414814824
7.43659509259259 43.743782414814824
7.437521018518516 43.743782414814824
7.438446944444442 43.743782414814824
7.439372870370367 43.743782414814824
7.440298796296293 43.743782414814824
7.441224722222219 43.743782414814824
7.442150648148145 43.743782414814824
7.4430765740740705 43.743782414814824
7.444002499999996 43.743782414814824
7.444928425925922 43.743782414814824
7.445854351851848 43.743782414814824
7.446780277777774 43.743782414814824
7.447706203703699 43.743782414814824
7.448632129629625 43.743782414814824
7.4190025 43.7428564888889
7.419928425925926 43.7428564888889
7.420854351851852 43.7428564888889
7.421780277777778 43.7428564888889
7.4227062037037035 43.7428564888889
7.423632129629629 43.7428564888889
7.424558055555555 43.7428564888889
7.425483981481481 43.7428564888889
7.426409907407407 43.7428564888889
7.427335833333332 43.7428564888889
7.428261759259258 43.7428564888889
7.429187685185184 43.7428564888889
7.43011361111111 43.7428564888889
7.4310395370370355 43.7428564888889
7.431965462962961 43.7428564888889
7.432891388888887 43.7428564888889
7.433817314814813 43.7428564888889
7.434743240740739 43.7428564888889
7.435669166666664 43.7428564888889
7.43659509259259 43.7428564888889
7.437521018518516 43.7428564888889
7.438446944444442 43.7428564888889
7.439372870370367 43.7428564888889
7.440298796296293 43.7428564888889
7.441224722222219 43.7428564888889
7.442150648148145 43.7428564888889
7.4430765740740705 43.7428564888889
7.444002499999996 43.7428564888889
7.444928425925922 43.7428564888889
7.445854351851848 43.7428564888889
7.446780277777774 43.7428564888889
7.447706203703699 43.7428564888889
7.448632129629625 43.7428564888889
7.4190025 43.74193056296297
7.419928425925926 43.74193056296297
7.420854351851852 43.74193056296297
7.421780277777778 43.74193056296297
7.4227062037037035 43.74193056296297
7.423632129629629 43.74193056296297
7.424558055555555 43.74193056296297
7.425483981481481 43.74193056296297
7.426409907407407 43.74193056296297
7.427335833333332 43.74193056296297
7.428261759259258 43.74193056296297
7.429187685185184 43.74193056296297
7.43011361111111 43.74193056296297
7.4310395370370355 43.74193056296297
7.431965462962961 43.74193056296297
7.432891388888887 43.74193056296297
7.433817314814813 43.74193056296297
7.434743240740739 43.74193056296297
7.435669166666664 43.74193056296297
7.43659509259259 43.74193056296297
7.437521018518516 43.74193056296297
7.438446944444442 43.74193056296297
7.439372870370367 43.74193056296297
7.440298796296293 43.74193056296297
7.441224722222219 43.74193056296297
7.442150648148145 43.74193056296297
7.4430765740740705 43.74193056296297
7.444002499999996 43.74193056296297
7.444928425925922 43.74193056296297
7.445854351851848 43.74193056296297
7.446780277777774 43.74193056296297
7.447706203703699 43.74193056296297
7.448632129629625 43.74193056296297
7.4190025 43.741004637037044
7.419928425925926 43.741004637037044
7.420854351851852 43.741004637037044
7.421780277777778 43.741004637037044
7.4227062037037035 43.741004637037044
7.423632129629629 43.741004637037044
7.424558055555555 43.741004637037044
7.425483981481481 43.741004637037044
7.426409907407407 43.741004637037044
7.427335833333332 43.741004637037044
7.428261759259258 43.741004637037044
7.429187685185184 43.741004637037044
7.43011361111111 43.741004637037044
7.4310395370370355 43.741004637037044
7.431965462962961 43.741004637037044
7.432891388888887 43.741004637037044
7.433817314814813 43.741004637037044
7.434743240740739 43.741004637037044
7.435669166666664 43.741004637037044
7.43659509259259 43.741004637037044
7.437521018518516 43.741004637037044
7.438446944444442 43.741004637037044
7.439372870370367 43.741004637037044
7.440298796296293 43.741004637037044
7.441224722222219 43.741004637037044
7.442150648148145 43.741004637037044
7.4430765740740705 43.741004637037044
7.444002499999996 43.741004637037044
7.444928425925922 43.741004637037044
7.445854351851848 43.741004637037044
7.446780277777774 43.741004637037044
7.447706203703699 43.741004637037044
7.448632129629625 43.741004637037044
7.4190025 43.74007871111112
7.419928425925926 43.74007871111112
7.420854351851852 43.74007871111112
7.421780277777778 43.74007871111112
7.4227062037037035 43.74007871111112
7.423632129629629 43.74007871111112
7.424558055555555 43.74007871111112
7.425483981481481 43.74007871111112
7.426409907407407 43.74007871111112
7.427335833333332 43.74007871111112
7.428261759259258 43.74007871111112
7.429187685185184 43.74007871111112
7.43011361111111 43.74007871111112
7.4310395370370355 43.74007871111112
7.431965462962961 43.74007871111112
7.432891388888887 43.74007871111112
7.433817314814813 43.74007871111112
7.434743240740739 43.74007871111112
7.435669166666664 43.74007871111112
7.43659509259259 43.74007871111112
7.437521018518516 43.74007871111112
7.438446944444442 43.74007871111112
7.439372870370367 43.74007871111112
7.440298796296293 43.74007871111112
7.441224722222219 43.74007871111112
7.442150648148145 43.74007871111112
7.4430765740740705 43.74007871111112
7.444002499999996 43.74007871111112
7.444928425925922 43.74007871111112
7.445854351851848 43.74007871111112
7.446780277777774 43.74007871111112
7.447706203703699 43.74007871111112
7.448632129629625 43.74007871111112
7.4190025 43.73915278518519
7.419928425925926 43.73915278518519
7.420854351851852 43.73915278518519
7.421780277777778 43.73915278518519
7.4227062037037035 43.73915278518519
7.423632129629629 43.73915278518519
7.424558055555555 43.73915278518519
7.425483981481481 43.73915278518519
7.426409907407407 43.73915278518519
7.427335833333332 43.73915278518519
7.428261759259258 43.73915278518519
7.429187685185184 43.73915278518519
7.43011361111111 43.73915278518519
7.4310395370370355 43.73915278518519
7.431965462962961 43.73915278518519
7.432891388888887 43.73915278518519
7.433817314814813 43.73915278518519
7.434743240740739 43.73915278518519
7.435669166666664 43.73915278518519
7.43659509259259 43.73915278518519
7.437521018518516 43.73915278518519
7.438446944444442 43.73915278518519
7.439372870370367 43.73915278518519
7.440298796296293 43.73915278518519
7.441224722222219 43.73915278518519
7.442150648148145 43.73915278518519
7.4430765740740705 43.73915278518519
7.444002499999996 43.73915278518519
7.444928425925922 43.73915278518519
7.445854351851848 43.73915278518519
7.446780277777774 43.73915278518519
7.447706203703699 43.73915278518519
7.448632129629625 43.73915278518519
7.4190025 43.738226859259264
7.419928425925926 43.738226859259264
7.420854351851852 43.738226859259264
7.421780277777778 43.738226859259264
7.4227062037037035 43.738226859259264
7.423632129629629 43.738226859259264
7.424558055555555 43.738226859259264
7.425483981481481 43.738226859259264
7.426409907407407 43.738226859259264
7.427335833333332 43.738226859259264
7.428261759259258 43.738226859259264
7.429187685185184 43.738226859259264
7.43011361111111 43.738226859259264
7.4310395370370355 43.738226859259264
7.431965462962961 43.738226859259264
7.432891388888887 43.738226859259264
7.433817314814813 43.738226859259264
7.434743240740739 43.738226859259264
7.435669166666664 43.738226859259264
7.43659509259259 43.738226859259264
7.437521018518516 43.738226859259264
7.438446944444442 43.738226859259264
7.439372870370367 43.738226859259264
7.440298796296293 43.738226859259264
7.441224722222219 43.738226859259264
7.442150648148145 43.738226859259264
7.4430765740740705 43.738226859259264
7.444002499999996 43.738226859259264
7.444928425925922 43.738226859259264
7.445854351851848 43.738226859259264
7.446780277777774 43.738226859259264
7.447706203703699 43.738226859259264
7.448632129629625 43.738226859259264
7.4190025 43.73730093333334
7.419928425925926 43.73730093333334
7.420854351851852 43.73730093333334
7.421780277777778 43.73730093333334
7.4227062037037035 43.73730093333334
7.423632129629629 43.73730093333334
7.424558055555555 43.73730093333334
7.425483981481481 43.73730093333334
7.426409907407407 43.73730093333334
7.427335833333332 43.73730093333334
7.428261759259258 43.73730093333334
7.429187685185184 43.73730093333334
7.43011361111111 43.73730093333334
7.4310395370370355 43.73730093333334
7.431965462962961 43.73730093333334
7.432891388888887 43.73730093333334
7.433817314814813 43.73730093333334
7.434743240740739 43.73730093333334
7.435669166666664 43.73730093333334
7.43659509259259 43.73730093333334
7.437521018518516 43.73730093333334
7.438446944444442 43.73730093333334
7.439372870370367 43.73730093333334
7.440298796296293 43.73730093333334
7.441224722222219 43.73730093333334
7.442150648148145 43.73730093333334
7.4430765740740705 43.73730093333334
7.444002499999996 43.73730093333334
7.444928425925922 43.73730093333334
7.445854351851848 43.73730093333334
7.446780277777774 43.73730093333334
7.447706203703699 43.73730093333334
7.448632129629625 43.73730093333334
7.4190025 43.73637500740741
7.419928425925926 43.73637500740741
7.420854351851852 43.73637500740741
7.421780277777778 43.73637500740741
7.4227062037037035 43.73637500740741
7.423632129629629 43.73637500740741
7.424558055555555 43.73637500740741
7.425483981481481 43.73637500740741
7.426409907407407 43.73637500740741
7.427335833333332 43.73637500740741
7.428261759259258 43.73637500740741
7.429187685185184 43.73637500740741
7.43011361111111 43.73637500740741
7.4310395370370355 43.73637500740741
7.431965462962961 43.73637500740741
7.432891388888887 43.73637500740741
7.433817314814813 43.73637500740741
7.434743240740739 43.73637500740741
7.435669166666664 43.73637500740741
7.43659509259259 43.73637500740741
7.437521018518516 43.73637500740741
7.438446944444442 43.73637500740741
7.439372870370367 43.73637500740741
7.440298796296293 43.73637500740741
7.441224722222219 43.73637500740741
7.442150648148145 43.73637500740741
7.4430765740740705 43.73637500740741
7.444002499999996 43.73637500740741
7.444928425925922 43.73637500740741
7.445854351851848 43.73637500740741
7.446780277777774 43.73637500740741
7.447706203703699 43.73637500740741
7.448632129629625 43.73637500740741
7.4190025 43.735449081481484
7.419928425925926 43.735449081481484
7.420854351851852 43.735449081481484
7.421780277777778 43.735449081481484
7.4227062037037035 43.735449081481484
7.423632129629629 43.735449081481484
7.424558055555555 43.735449081481484
7.425483981481481 43.735449081481484
7.426409907407407 43.735449081481484
7.427335833333332 43.735449081481484
7.428261759259258 43.735449081481484
7.429187685185184 43.735449081481484
7.43011361111111 43.735449081481484
7.4310395370370355 43.735449081481484
7.431965462962961 43.735449081481484
7.432891388888887 43.735449081481484
7.433817314814813 43.735449081481484
7.434743240740739 43.735449081481484
7.435669166666664 43.735449081481484
7.43659509259259 43.735449081481484
7.437521018518516 43.735449081481484
7.438446944444442 43.735449081481484
7.439372870370367 43.735449081481484
7.440298796296293 43.735449081481484
7.441224722222219 43.735449081481484
7.442150648148145 43.735449081481484
7.4430765740740705 43.735449081481484
7.444002499999996 43.735449081481484
7.444928425925922 43.735449081481484
7.445854351851848 43.735449081481484
7.446780277777774 43.735449081481484
7.447706203703699 43.735449081481484
7.448632129629625 43.735449081481484
7.4190025 43.73452315555556
7.419928425925926 43.73452315555556
7.420854351851852 43.73452315555556
7.421780277777778 43.73452315555556
7.4227062037037035 43.73452315555556
7.423632129629629 43.73452315555556
7.424558055555555 43.73452315555556
7.425483981481481 43.73452315555556
7.426409907407407 43.73452315555556
7.427335833333332 43.73452315555556
7.428261759259258 43.73452315555556
7.429187685185184 43.73452315555556
7.43011361111111 43.73452315555556
7.4310395370370355 43.73452315555556
7.431965462962961 43.73452315555556
7.432891388888887 43.73452315555556
7.433817314814813 43.73452315555556
7.434743240740739 43.73452315555556
7.435669166666664 43.73452315555556
7.43659509259259 43.73452315555556
7.437521018518516 43.73452315555556
7.438446944444442 43.73452315555556
7.439372870370367 43.73452315555556
7.440298796296293 43.73452315555556
7.441224722222219 43.73452315555556
7.442150648148145 43.73452315555556
7.4430765740740705 43.73452315555556
7.444002499999996 43.73452315555556
7.444928425925922 43.73452315555556
7.445854351851848 43.73452315555556
7.446780277777774 43.73452315555556
7.447706203703699 43.73452315555556
7.448632129629625 43.73452315555556
7.4190025 43.73359722962963
7.419928425925926 43.73359722962963
7.420854351851852 43.73359722962963
7.421780277777778 43.73359722962963
7.4227062037037035 43.73359722962963
7.423632129629629 43.73359722962963
7.424558055555555 43.73359722962963
7.425483981481481 43.73359722962963
7.426409907407407 43.73359722962963
7.427335833333332 43.73359722962963
7.428261759259258 43.73359722962963
7.429187685185184 43.73359722962963
7.43011361111111 43.73359722962963
7.4310395370370355 43.73359722962963
7.431965462962961 43.73359722962963
7.432891388888887 43.73359722962963
7.433817314814813 43.73359722962963
7.434743240740739 43.73359722962963
7.435669166666664 43.73359722962963
7.43659509259259 43.73359722962963
7.437521018518516 43.73359722962963
7.438446944444442 43.73359722962963
7.439372870370367 43.73359722962963
7.440298796296293 43.73359722962963
7.441224722222219 43.73359722962963
7.442150648148145 43.73359722962963
7.4430765740740705 43.73359722962963
7.444002499999996 43.73359722962963
7.444928425925922 43.73359722962963
7.445854351851848 43.73359722962963
7.446780277777774 43.73359722962963
7.447706203703699 43.73359722962963
7.448632129629625 43.73359722962963
7.4190025 43.732671303703704
7.419928425925926 43.732671303703704
7.420854351851852 43.732671303703704
7.421780277777778 43.732671303703704
7.4227062037037035 43.732671303703704
7.423632129629629 43.732671303703704
7.424558055555555 43.732671303703704
7.425483981481481 43.732671303703704
7.426409907407407 43.732671303703704
7.427335833333332 43.732671303703704
7.428261759259258 43.732671303703704
7.429187685185184 43.732671303703704
7.43011361111111 43.732671303703704
7.4310395370370355 43.732671303703704
7.431965462962961 43.732671303703704
7.432891388888887 43.732671303703704
7.433817314814813 43.732671303703704
7.434743240740739 43.732671303703704
7.435669166666664 43.732671303703704
7.43659509259259 43.732671303703704
7.437521018518516 43.732671303703704
7.438446944444442 43.732671303703704
7.439372870370367 43.732671303703704
7.440298796296293 43.732671303703704
7.441224722222219 43.732671303703704
7.442150648148145 43.732671303703704
7.4430765740740705 43.732671303703704
7.444002499999996 43.732671303703704
7.444928425925922 43.732671303703704
7.445854351851848 43.732671303703704
7.446780277777774 43.732671303703704
7.447706203703699 43.732671303703704
7.448632129629625 43.732671303703704
7.4190025 43.73174537777778
7.419928425925926 43.73174537777778
7.420854351851852 43.73174537777778
7.421780277777778 43.73174537777778
7.4227062037037035 43.73174537777778
7.423632129629629 43.73174537777778
7.424558055555555 43.73174537777778
7.425483981481481 43.73174537777778
7.426409907407407 43.73174537777778
7.427335833333332 43.73174537777778
7.428261759259258 43.73174537777778
7.429187685185184 43.73174537777778
7.43011361111111 43.73174537777778
7.4310395370370355 43.73174537777778
7.431965462962961 43.73174537777778
7.432891388888887 43.73174537777778
7.433817314814813 43.73174537777778
7.434743240740739 43.73174537777778
7.435669166666664 43.73174537777778
7.43659509259259 43.73174537777778
7.437521018518516 43.73174537777778
7.438446944444442 43.73174537777778
7.439372870370367 43.73174537777778
7.440298796296293 43.73174537777778
7.441224722222219 43.73174537777778
7.442150648148145 43.73174537777778
7.4430765740740705 43.73174537777778
7.444002499999996 43.73174537777778
7.444928425925922 43.73174537777778
7.445854351851848 43.73174537777778
7.446780277777774 43.73174537777778
7.447706203703699 43.73174537777778
7.448632129629625 43.73174537777778
7.4190025 43.73081945185185
7.419928425925926 43.73081945185185
7.420854351851852 43.73081945185185
7.421780277777778 43.73081945185185
7.4227062037037035 43.73081945185185
7.423632129629629 43.73081945185185
7.424558055555555 43.73081945185185
7.425483981481481 43.73081945185185
7.426409907407407 43.73081945185185
7.427335833333332 43.73081945185185
7.428261759259258 43.73081945185185
7.429187685185184 43.73081945185185
7.43011361111111 43.73081945185185
7.4310395370370355 43.73081945185185
7.431965462962961 43.73081945185185
7.432891388888887 43.73081945185185
7.433817314814813 43.73081945185185
7.434743240740739 43.73081945185185
7.435669166666664 43.73081945185185
7.43659509259259 43.73081945185185
7.437521018518516 43.73081945185185
7.438446944444442 43.73081945185185
7.439372870370367 43.73081945185185
7.440298796296293 43.73081945185185
7.441224722222219 43.73081945185185
7.442150648148145 43.73081945185185
7.4430765740740705 43.73081945185185
7.444002499999996 43.73081945185185
7.444928425925922 43.73081945185185
7.445854351851848 43.73081945185185
7.446780277777774 43.73081945185185
7.447706203703699 43.73081945185185
7.448632129629625 43.73081945185185
7.4190025 43.729893525925924
7.419928425925926 43.729893525925924
7.420854351851852 43.729893525925924
7.421780277777778 43.729893525925924
7.4227062037037035 43.729893525925924
7.423632129629629 43.729893525925924
7.424558055555555 43.729893525925924
7.425483981481481 43.729893525925924
7.426409907407407 43.729893525925924
7.427335833333332 43.729893525925924
7.428261759259258 43.729893525925924
7.429187685185184 43.729893525925924
7.43011361111111 43.729893525925924
7.4310395370370355 43.729893525925924
7.431965462962961 43.729893525925924
7.432891388888887 43.729893525925924
7.433817314814813 43.729893525925924
7.434743240740739 43.729893525925924
7.435669166666664 43.729893525925924
7.43659509259259 43.729893525925924
7.437521018518516 43.729893525925924
7.438446944444442 43.729893525925924
7.439372870370367 43.729893525925924
7.440298796296293 43.729893525925924
7.441224722222219 43.729893525925924
7.442150648148145 43.729893525925924
7.4430765740740705 43.729893525925924
7.444002499999996 43.729893525925924
7.444928425925922 43.729893525925924
7.445854351851848 43.729893525925924
7.446780277777774 43.729893525925924
7.447706203703699 43.729893525925924
7.448632129629625 43.729893525925924
7.4190025 43.7289676
7.419928425925926 43.7289676
7.420854351851852 43.7289676
7.421780277777778 43.7289676
7.4227062037037035 43.7289676
7.423632129629629 43.7289676
7.424558055555555 43.7289676
7.425483981481481 43.7289676
7.426409907407407 43.7289676
7.427335833333332 43.7289676
7.428261759259258 43.7289676
7.429187685185184 43.7289676
7.43011361111111 43.7289676
7.4310395370370355 43.7289676
7.431965462962961 43.7289676
7.432891388888887 43.7289676
7.433817314814813 43.7289676
7.434743240740739 43.7289676
7.435669166666664 43.7289676
7.43659509259259 43.7289676
7.437521018518516 43.7289676
7.438446944444442 43.7289676
7.439372870370367 43.7289676
7.440298796296293 43.7289676
7.441224722222219 43.7289676
7.442150648148145 43.7289676
7.4430765740740705 43.7289676
7.444002499999996 43.7289676
7.444928425925922 43.7289676
7.445854351851848 43.7289676
7.446780277777774 43.7289676
7.447706203703699 43.7289676
7.448632129629625 43.7289676
